

CRONOMETRU: 1
Clientii in asteptare: 
 (27, 2, 2)  (39, 2, 2)  (45, 2, 2)  (52, 2, 2)  (78, 2, 2)  (92, 2, 2)  (2, 2, 3)  (42, 2, 3)  (63, 2, 3)  (64, 2, 3)  (67, 2, 3)  (19, 2, 4)  (41, 2, 4)  (94, 2, 4)  (44, 2, 5)  (65, 2, 5)  (71, 2, 5)  (73, 2, 5)  (87, 2, 5)  (88, 2, 5)  (89, 2, 5)  (97, 2, 5)  (99, 2, 5)  (7, 3, 2)  (10, 3, 2)  (22, 3, 2)  (31, 3, 2)  (43, 3, 2)  (61, 3, 2)  (69, 3, 2)  (5, 3, 3)  (14, 3, 3)  (40, 3, 3)  (50, 3, 3)  (58, 3, 3)  (62, 3, 3)  (66, 3, 3)  (72, 3, 3)  (80, 3, 3)  (85, 3, 3)  (25, 3, 4)  (37, 3, 4)  (48, 3, 4)  (54, 3, 4)  (74, 3, 4)  (77, 3, 4)  (83, 3, 4)  (98, 3, 4)  (1, 3, 5)  (4, 3, 5)  (9, 3, 5)  (11, 3, 5)  (16, 3, 5)  (26, 3, 5)  (35, 3, 5)  (46, 3, 5)  (59, 3, 5)  (79, 3, 5)  (100, 3, 5)  (17, 4, 2)  (21, 4, 2)  (24, 4, 2)  (29, 4, 2)  (36, 4, 2)  (8, 4, 3)  (18, 4, 3)  (33, 4, 3)  (57, 4, 3)  (90, 4, 3)  (51, 4, 4)  (86, 4, 4)  (93, 4, 4)  (95, 4, 4)  (53, 4, 5) 
Coada 1:   (28, 1, 1)   (68, 1, 2)   (96, 1, 2)   (84, 1, 3)   (34, 1, 4)   (6, 1, 5)   (75, 1, 5) 
Coada 2:   (32, 1, 1)   (70, 1, 2)   (3, 1, 3)   (12, 1, 4)   (38, 1, 4)   (13, 1, 5)   (76, 1, 5) 
Coada 3:   (49, 1, 1)   (82, 1, 2)   (30, 1, 3)   (15, 1, 4)   (47, 1, 4)   (23, 1, 5) 
Coada 4:   (55, 1, 1)   (91, 1, 2)   (81, 1, 3)   (20, 1, 4)   (56, 1, 4)   (60, 1, 5) 




CRONOMETRU: 2
Clientii in asteptare: 
 (7, 3, 2)  (10, 3, 2)  (22, 3, 2)  (31, 3, 2)  (43, 3, 2)  (61, 3, 2)  (69, 3, 2)  (5, 3, 3)  (14, 3, 3)  (40, 3, 3)  (50, 3, 3)  (58, 3, 3)  (62, 3, 3)  (66, 3, 3)  (72, 3, 3)  (80, 3, 3)  (85, 3, 3)  (25, 3, 4)  (37, 3, 4)  (48, 3, 4)  (54, 3, 4)  (74, 3, 4)  (77, 3, 4)  (83, 3, 4)  (98, 3, 4)  (1, 3, 5)  (4, 3, 5)  (9, 3, 5)  (11, 3, 5)  (16, 3, 5)  (26, 3, 5)  (35, 3, 5)  (46, 3, 5)  (59, 3, 5)  (79, 3, 5)  (100, 3, 5)  (17, 4, 2)  (21, 4, 2)  (24, 4, 2)  (29, 4, 2)  (36, 4, 2)  (8, 4, 3)  (18, 4, 3)  (33, 4, 3)  (57, 4, 3)  (90, 4, 3)  (51, 4, 4)  (86, 4, 4)  (93, 4, 4)  (95, 4, 4)  (53, 4, 5) 
Coada 1:   (68, 1, 2)   (96, 1, 2)   (84, 1, 3)   (34, 1, 4)   (6, 1, 5)   (75, 1, 5)   (78, 2, 2)   (42, 2, 3)   (19, 2, 4)   (65, 2, 5)   (88, 2, 5) 
Coada 2:   (70, 1, 2)   (3, 1, 3)   (12, 1, 4)   (38, 1, 4)   (13, 1, 5)   (76, 1, 5)   (63, 2, 3)   (41, 2, 4)   (71, 2, 5)   (89, 2, 5) 
Coada 3:   (82, 1, 2)   (30, 1, 3)   (15, 1, 4)   (47, 1, 4)   (23, 1, 5)   (27, 2, 2)   (45, 2, 2)   (92, 2, 2)   (64, 2, 3)   (94, 2, 4)   (73, 2, 5)   (97, 2, 5) 
Coada 4:   (91, 1, 2)   (81, 1, 3)   (20, 1, 4)   (56, 1, 4)   (60, 1, 5)   (39, 2, 2)   (52, 2, 2)   (2, 2, 3)   (67, 2, 3)   (44, 2, 5)   (87, 2, 5)   (99, 2, 5) 




CRONOMETRU: 3
Clientii in asteptare: 
 (17, 4, 2)  (21, 4, 2)  (24, 4, 2)  (29, 4, 2)  (36, 4, 2)  (8, 4, 3)  (18, 4, 3)  (33, 4, 3)  (57, 4, 3)  (90, 4, 3)  (51, 4, 4)  (86, 4, 4)  (93, 4, 4)  (95, 4, 4)  (53, 4, 5) 
Coada 1:   (68, 1, 1)   (96, 1, 2)   (84, 1, 3)   (34, 1, 4)   (6, 1, 5)   (75, 1, 5)   (78, 2, 2)   (42, 2, 3)   (19, 2, 4)   (65, 2, 5)   (88, 2, 5)   (7, 3, 2)   (31, 3, 2)   (5, 3, 3)   (58, 3, 3)   (80, 3, 3)   (48, 3, 4)   (83, 3, 4)   (9, 3, 5)   (35, 3, 5)   (100, 3, 5) 
Coada 2:   (70, 1, 1)   (3, 1, 3)   (12, 1, 4)   (38, 1, 4)   (13, 1, 5)   (76, 1, 5)   (63, 2, 3)   (41, 2, 4)   (71, 2, 5)   (89, 2, 5)   (10, 3, 2)   (43, 3, 2)   (14, 3, 3)   (62, 3, 3)   (85, 3, 3)   (54, 3, 4)   (98, 3, 4)   (11, 3, 5)   (46, 3, 5) 
Coada 3:   (82, 1, 1)   (30, 1, 3)   (15, 1, 4)   (47, 1, 4)   (23, 1, 5)   (27, 2, 2)   (45, 2, 2)   (92, 2, 2)   (64, 2, 3)   (94, 2, 4)   (73, 2, 5)   (97, 2, 5)   (22, 3, 2)   (61, 3, 2)   (40, 3, 3)   (66, 3, 3)   (25, 3, 4)   (74, 3, 4)   (1, 3, 5)   (16, 3, 5)   (59, 3, 5) 
Coada 4:   (91, 1, 1)   (81, 1, 3)   (20, 1, 4)   (56, 1, 4)   (60, 1, 5)   (39, 2, 2)   (52, 2, 2)   (2, 2, 3)   (67, 2, 3)   (44, 2, 5)   (87, 2, 5)   (99, 2, 5)   (69, 3, 2)   (50, 3, 3)   (72, 3, 3)   (37, 3, 4)   (77, 3, 4)   (4, 3, 5)   (26, 3, 5)   (79, 3, 5) 




CRONOMETRU: 4
Clientii in asteptare: 

Coada 1:   (96, 1, 2)   (84, 1, 3)   (34, 1, 4)   (6, 1, 5)   (75, 1, 5)   (78, 2, 2)   (42, 2, 3)   (19, 2, 4)   (65, 2, 5)   (88, 2, 5)   (7, 3, 2)   (31, 3, 2)   (5, 3, 3)   (58, 3, 3)   (80, 3, 3)   (48, 3, 4)   (83, 3, 4)   (9, 3, 5)   (35, 3, 5)   (100, 3, 5)   (8, 4, 3)   (90, 4, 3)   (95, 4, 4) 
Coada 2:   (3, 1, 3)   (12, 1, 4)   (38, 1, 4)   (13, 1, 5)   (76, 1, 5)   (63, 2, 3)   (41, 2, 4)   (71, 2, 5)   (89, 2, 5)   (10, 3, 2)   (43, 3, 2)   (14, 3, 3)   (62, 3, 3)   (85, 3, 3)   (54, 3, 4)   (98, 3, 4)   (11, 3, 5)   (46, 3, 5)   (17, 4, 2)   (21, 4, 2)   (36, 4, 2)   (57, 4, 3)   (93, 4, 4) 
Coada 3:   (30, 1, 3)   (15, 1, 4)   (47, 1, 4)   (23, 1, 5)   (27, 2, 2)   (45, 2, 2)   (92, 2, 2)   (64, 2, 3)   (94, 2, 4)   (73, 2, 5)   (97, 2, 5)   (22, 3, 2)   (61, 3, 2)   (40, 3, 3)   (66, 3, 3)   (25, 3, 4)   (74, 3, 4)   (1, 3, 5)   (16, 3, 5)   (59, 3, 5)   (24, 4, 2)   (18, 4, 3)   (51, 4, 4)   (53, 4, 5) 
Coada 4:   (81, 1, 3)   (20, 1, 4)   (56, 1, 4)   (60, 1, 5)   (39, 2, 2)   (52, 2, 2)   (2, 2, 3)   (67, 2, 3)   (44, 2, 5)   (87, 2, 5)   (99, 2, 5)   (69, 3, 2)   (50, 3, 3)   (72, 3, 3)   (37, 3, 4)   (77, 3, 4)   (4, 3, 5)   (26, 3, 5)   (79, 3, 5)   (29, 4, 2)   (33, 4, 3)   (86, 4, 4) 




CRONOMETRU: 5
Clientii in asteptare: 

Coada 1:   (96, 1, 1)   (84, 1, 3)   (34, 1, 4)   (6, 1, 5)   (75, 1, 5)   (78, 2, 2)   (42, 2, 3)   (19, 2, 4)   (65, 2, 5)   (88, 2, 5)   (7, 3, 2)   (31, 3, 2)   (5, 3, 3)   (58, 3, 3)   (80, 3, 3)   (48, 3, 4)   (83, 3, 4)   (9, 3, 5)   (35, 3, 5)   (100, 3, 5)   (8, 4, 3)   (90, 4, 3)   (95, 4, 4) 
Coada 2:   (3, 1, 2)   (12, 1, 4)   (38, 1, 4)   (13, 1, 5)   (76, 1, 5)   (63, 2, 3)   (41, 2, 4)   (71, 2, 5)   (89, 2, 5)   (10, 3, 2)   (43, 3, 2)   (14, 3, 3)   (62, 3, 3)   (85, 3, 3)   (54, 3, 4)   (98, 3, 4)   (11, 3, 5)   (46, 3, 5)   (17, 4, 2)   (21, 4, 2)   (36, 4, 2)   (57, 4, 3)   (93, 4, 4) 
Coada 3:   (30, 1, 2)   (15, 1, 4)   (47, 1, 4)   (23, 1, 5)   (27, 2, 2)   (45, 2, 2)   (92, 2, 2)   (64, 2, 3)   (94, 2, 4)   (73, 2, 5)   (97, 2, 5)   (22, 3, 2)   (61, 3, 2)   (40, 3, 3)   (66, 3, 3)   (25, 3, 4)   (74, 3, 4)   (1, 3, 5)   (16, 3, 5)   (59, 3, 5)   (24, 4, 2)   (18, 4, 3)   (51, 4, 4)   (53, 4, 5) 
Coada 4:   (81, 1, 2)   (20, 1, 4)   (56, 1, 4)   (60, 1, 5)   (39, 2, 2)   (52, 2, 2)   (2, 2, 3)   (67, 2, 3)   (44, 2, 5)   (87, 2, 5)   (99, 2, 5)   (69, 3, 2)   (50, 3, 3)   (72, 3, 3)   (37, 3, 4)   (77, 3, 4)   (4, 3, 5)   (26, 3, 5)   (79, 3, 5)   (29, 4, 2)   (33, 4, 3)   (86, 4, 4) 




CRONOMETRU: 6
Clientii in asteptare: 

Coada 1:   (84, 1, 3)   (34, 1, 4)   (6, 1, 5)   (75, 1, 5)   (78, 2, 2)   (42, 2, 3)   (19, 2, 4)   (65, 2, 5)   (88, 2, 5)   (7, 3, 2)   (31, 3, 2)   (5, 3, 3)   (58, 3, 3)   (80, 3, 3)   (48, 3, 4)   (83, 3, 4)   (9, 3, 5)   (35, 3, 5)   (100, 3, 5)   (8, 4, 3)   (90, 4, 3)   (95, 4, 4) 
Coada 2:   (3, 1, 1)   (12, 1, 4)   (38, 1, 4)   (13, 1, 5)   (76, 1, 5)   (63, 2, 3)   (41, 2, 4)   (71, 2, 5)   (89, 2, 5)   (10, 3, 2)   (43, 3, 2)   (14, 3, 3)   (62, 3, 3)   (85, 3, 3)   (54, 3, 4)   (98, 3, 4)   (11, 3, 5)   (46, 3, 5)   (17, 4, 2)   (21, 4, 2)   (36, 4, 2)   (57, 4, 3)   (93, 4, 4) 
Coada 3:   (30, 1, 1)   (15, 1, 4)   (47, 1, 4)   (23, 1, 5)   (27, 2, 2)   (45, 2, 2)   (92, 2, 2)   (64, 2, 3)   (94, 2, 4)   (73, 2, 5)   (97, 2, 5)   (22, 3, 2)   (61, 3, 2)   (40, 3, 3)   (66, 3, 3)   (25, 3, 4)   (74, 3, 4)   (1, 3, 5)   (16, 3, 5)   (59, 3, 5)   (24, 4, 2)   (18, 4, 3)   (51, 4, 4)   (53, 4, 5) 
Coada 4:   (81, 1, 1)   (20, 1, 4)   (56, 1, 4)   (60, 1, 5)   (39, 2, 2)   (52, 2, 2)   (2, 2, 3)   (67, 2, 3)   (44, 2, 5)   (87, 2, 5)   (99, 2, 5)   (69, 3, 2)   (50, 3, 3)   (72, 3, 3)   (37, 3, 4)   (77, 3, 4)   (4, 3, 5)   (26, 3, 5)   (79, 3, 5)   (29, 4, 2)   (33, 4, 3)   (86, 4, 4) 




CRONOMETRU: 7
Clientii in asteptare: 

Coada 1:   (84, 1, 2)   (34, 1, 4)   (6, 1, 5)   (75, 1, 5)   (78, 2, 2)   (42, 2, 3)   (19, 2, 4)   (65, 2, 5)   (88, 2, 5)   (7, 3, 2)   (31, 3, 2)   (5, 3, 3)   (58, 3, 3)   (80, 3, 3)   (48, 3, 4)   (83, 3, 4)   (9, 3, 5)   (35, 3, 5)   (100, 3, 5)   (8, 4, 3)   (90, 4, 3)   (95, 4, 4) 
Coada 2:   (12, 1, 4)   (38, 1, 4)   (13, 1, 5)   (76, 1, 5)   (63, 2, 3)   (41, 2, 4)   (71, 2, 5)   (89, 2, 5)   (10, 3, 2)   (43, 3, 2)   (14, 3, 3)   (62, 3, 3)   (85, 3, 3)   (54, 3, 4)   (98, 3, 4)   (11, 3, 5)   (46, 3, 5)   (17, 4, 2)   (21, 4, 2)   (36, 4, 2)   (57, 4, 3)   (93, 4, 4) 
Coada 3:   (15, 1, 4)   (47, 1, 4)   (23, 1, 5)   (27, 2, 2)   (45, 2, 2)   (92, 2, 2)   (64, 2, 3)   (94, 2, 4)   (73, 2, 5)   (97, 2, 5)   (22, 3, 2)   (61, 3, 2)   (40, 3, 3)   (66, 3, 3)   (25, 3, 4)   (74, 3, 4)   (1, 3, 5)   (16, 3, 5)   (59, 3, 5)   (24, 4, 2)   (18, 4, 3)   (51, 4, 4)   (53, 4, 5) 
Coada 4:   (20, 1, 4)   (56, 1, 4)   (60, 1, 5)   (39, 2, 2)   (52, 2, 2)   (2, 2, 3)   (67, 2, 3)   (44, 2, 5)   (87, 2, 5)   (99, 2, 5)   (69, 3, 2)   (50, 3, 3)   (72, 3, 3)   (37, 3, 4)   (77, 3, 4)   (4, 3, 5)   (26, 3, 5)   (79, 3, 5)   (29, 4, 2)   (33, 4, 3)   (86, 4, 4) 




CRONOMETRU: 8
Clientii in asteptare: 

Coada 1:   (84, 1, 1)   (34, 1, 4)   (6, 1, 5)   (75, 1, 5)   (78, 2, 2)   (42, 2, 3)   (19, 2, 4)   (65, 2, 5)   (88, 2, 5)   (7, 3, 2)   (31, 3, 2)   (5, 3, 3)   (58, 3, 3)   (80, 3, 3)   (48, 3, 4)   (83, 3, 4)   (9, 3, 5)   (35, 3, 5)   (100, 3, 5)   (8, 4, 3)   (90, 4, 3)   (95, 4, 4) 
Coada 2:   (12, 1, 3)   (38, 1, 4)   (13, 1, 5)   (76, 1, 5)   (63, 2, 3)   (41, 2, 4)   (71, 2, 5)   (89, 2, 5)   (10, 3, 2)   (43, 3, 2)   (14, 3, 3)   (62, 3, 3)   (85, 3, 3)   (54, 3, 4)   (98, 3, 4)   (11, 3, 5)   (46, 3, 5)   (17, 4, 2)   (21, 4, 2)   (36, 4, 2)   (57, 4, 3)   (93, 4, 4) 
Coada 3:   (15, 1, 3)   (47, 1, 4)   (23, 1, 5)   (27, 2, 2)   (45, 2, 2)   (92, 2, 2)   (64, 2, 3)   (94, 2, 4)   (73, 2, 5)   (97, 2, 5)   (22, 3, 2)   (61, 3, 2)   (40, 3, 3)   (66, 3, 3)   (25, 3, 4)   (74, 3, 4)   (1, 3, 5)   (16, 3, 5)   (59, 3, 5)   (24, 4, 2)   (18, 4, 3)   (51, 4, 4)   (53, 4, 5) 
Coada 4:   (20, 1, 3)   (56, 1, 4)   (60, 1, 5)   (39, 2, 2)   (52, 2, 2)   (2, 2, 3)   (67, 2, 3)   (44, 2, 5)   (87, 2, 5)   (99, 2, 5)   (69, 3, 2)   (50, 3, 3)   (72, 3, 3)   (37, 3, 4)   (77, 3, 4)   (4, 3, 5)   (26, 3, 5)   (79, 3, 5)   (29, 4, 2)   (33, 4, 3)   (86, 4, 4) 




CRONOMETRU: 9
Clientii in asteptare: 

Coada 1:   (34, 1, 4)   (6, 1, 5)   (75, 1, 5)   (78, 2, 2)   (42, 2, 3)   (19, 2, 4)   (65, 2, 5)   (88, 2, 5)   (7, 3, 2)   (31, 3, 2)   (5, 3, 3)   (58, 3, 3)   (80, 3, 3)   (48, 3, 4)   (83, 3, 4)   (9, 3, 5)   (35, 3, 5)   (100, 3, 5)   (8, 4, 3)   (90, 4, 3)   (95, 4, 4) 
Coada 2:   (12, 1, 2)   (38, 1, 4)   (13, 1, 5)   (76, 1, 5)   (63, 2, 3)   (41, 2, 4)   (71, 2, 5)   (89, 2, 5)   (10, 3, 2)   (43, 3, 2)   (14, 3, 3)   (62, 3, 3)   (85, 3, 3)   (54, 3, 4)   (98, 3, 4)   (11, 3, 5)   (46, 3, 5)   (17, 4, 2)   (21, 4, 2)   (36, 4, 2)   (57, 4, 3)   (93, 4, 4) 
Coada 3:   (15, 1, 2)   (47, 1, 4)   (23, 1, 5)   (27, 2, 2)   (45, 2, 2)   (92, 2, 2)   (64, 2, 3)   (94, 2, 4)   (73, 2, 5)   (97, 2, 5)   (22, 3, 2)   (61, 3, 2)   (40, 3, 3)   (66, 3, 3)   (25, 3, 4)   (74, 3, 4)   (1, 3, 5)   (16, 3, 5)   (59, 3, 5)   (24, 4, 2)   (18, 4, 3)   (51, 4, 4)   (53, 4, 5) 
Coada 4:   (20, 1, 2)   (56, 1, 4)   (60, 1, 5)   (39, 2, 2)   (52, 2, 2)   (2, 2, 3)   (67, 2, 3)   (44, 2, 5)   (87, 2, 5)   (99, 2, 5)   (69, 3, 2)   (50, 3, 3)   (72, 3, 3)   (37, 3, 4)   (77, 3, 4)   (4, 3, 5)   (26, 3, 5)   (79, 3, 5)   (29, 4, 2)   (33, 4, 3)   (86, 4, 4) 




CRONOMETRU: 10
Clientii in asteptare: 

Coada 1:   (34, 1, 3)   (6, 1, 5)   (75, 1, 5)   (78, 2, 2)   (42, 2, 3)   (19, 2, 4)   (65, 2, 5)   (88, 2, 5)   (7, 3, 2)   (31, 3, 2)   (5, 3, 3)   (58, 3, 3)   (80, 3, 3)   (48, 3, 4)   (83, 3, 4)   (9, 3, 5)   (35, 3, 5)   (100, 3, 5)   (8, 4, 3)   (90, 4, 3)   (95, 4, 4) 
Coada 2:   (12, 1, 1)   (38, 1, 4)   (13, 1, 5)   (76, 1, 5)   (63, 2, 3)   (41, 2, 4)   (71, 2, 5)   (89, 2, 5)   (10, 3, 2)   (43, 3, 2)   (14, 3, 3)   (62, 3, 3)   (85, 3, 3)   (54, 3, 4)   (98, 3, 4)   (11, 3, 5)   (46, 3, 5)   (17, 4, 2)   (21, 4, 2)   (36, 4, 2)   (57, 4, 3)   (93, 4, 4) 
Coada 3:   (15, 1, 1)   (47, 1, 4)   (23, 1, 5)   (27, 2, 2)   (45, 2, 2)   (92, 2, 2)   (64, 2, 3)   (94, 2, 4)   (73, 2, 5)   (97, 2, 5)   (22, 3, 2)   (61, 3, 2)   (40, 3, 3)   (66, 3, 3)   (25, 3, 4)   (74, 3, 4)   (1, 3, 5)   (16, 3, 5)   (59, 3, 5)   (24, 4, 2)   (18, 4, 3)   (51, 4, 4)   (53, 4, 5) 
Coada 4:   (20, 1, 1)   (56, 1, 4)   (60, 1, 5)   (39, 2, 2)   (52, 2, 2)   (2, 2, 3)   (67, 2, 3)   (44, 2, 5)   (87, 2, 5)   (99, 2, 5)   (69, 3, 2)   (50, 3, 3)   (72, 3, 3)   (37, 3, 4)   (77, 3, 4)   (4, 3, 5)   (26, 3, 5)   (79, 3, 5)   (29, 4, 2)   (33, 4, 3)   (86, 4, 4) 




CRONOMETRU: 11
Clientii in asteptare: 

Coada 1:   (34, 1, 2)   (6, 1, 5)   (75, 1, 5)   (78, 2, 2)   (42, 2, 3)   (19, 2, 4)   (65, 2, 5)   (88, 2, 5)   (7, 3, 2)   (31, 3, 2)   (5, 3, 3)   (58, 3, 3)   (80, 3, 3)   (48, 3, 4)   (83, 3, 4)   (9, 3, 5)   (35, 3, 5)   (100, 3, 5)   (8, 4, 3)   (90, 4, 3)   (95, 4, 4) 
Coada 2:   (38, 1, 4)   (13, 1, 5)   (76, 1, 5)   (63, 2, 3)   (41, 2, 4)   (71, 2, 5)   (89, 2, 5)   (10, 3, 2)   (43, 3, 2)   (14, 3, 3)   (62, 3, 3)   (85, 3, 3)   (54, 3, 4)   (98, 3, 4)   (11, 3, 5)   (46, 3, 5)   (17, 4, 2)   (21, 4, 2)   (36, 4, 2)   (57, 4, 3)   (93, 4, 4) 
Coada 3:   (47, 1, 4)   (23, 1, 5)   (27, 2, 2)   (45, 2, 2)   (92, 2, 2)   (64, 2, 3)   (94, 2, 4)   (73, 2, 5)   (97, 2, 5)   (22, 3, 2)   (61, 3, 2)   (40, 3, 3)   (66, 3, 3)   (25, 3, 4)   (74, 3, 4)   (1, 3, 5)   (16, 3, 5)   (59, 3, 5)   (24, 4, 2)   (18, 4, 3)   (51, 4, 4)   (53, 4, 5) 
Coada 4:   (56, 1, 4)   (60, 1, 5)   (39, 2, 2)   (52, 2, 2)   (2, 2, 3)   (67, 2, 3)   (44, 2, 5)   (87, 2, 5)   (99, 2, 5)   (69, 3, 2)   (50, 3, 3)   (72, 3, 3)   (37, 3, 4)   (77, 3, 4)   (4, 3, 5)   (26, 3, 5)   (79, 3, 5)   (29, 4, 2)   (33, 4, 3)   (86, 4, 4) 




CRONOMETRU: 12
Clientii in asteptare: 

Coada 1:   (34, 1, 1)   (6, 1, 5)   (75, 1, 5)   (78, 2, 2)   (42, 2, 3)   (19, 2, 4)   (65, 2, 5)   (88, 2, 5)   (7, 3, 2)   (31, 3, 2)   (5, 3, 3)   (58, 3, 3)   (80, 3, 3)   (48, 3, 4)   (83, 3, 4)   (9, 3, 5)   (35, 3, 5)   (100, 3, 5)   (8, 4, 3)   (90, 4, 3)   (95, 4, 4) 
Coada 2:   (38, 1, 3)   (13, 1, 5)   (76, 1, 5)   (63, 2, 3)   (41, 2, 4)   (71, 2, 5)   (89, 2, 5)   (10, 3, 2)   (43, 3, 2)   (14, 3, 3)   (62, 3, 3)   (85, 3, 3)   (54, 3, 4)   (98, 3, 4)   (11, 3, 5)   (46, 3, 5)   (17, 4, 2)   (21, 4, 2)   (36, 4, 2)   (57, 4, 3)   (93, 4, 4) 
Coada 3:   (47, 1, 3)   (23, 1, 5)   (27, 2, 2)   (45, 2, 2)   (92, 2, 2)   (64, 2, 3)   (94, 2, 4)   (73, 2, 5)   (97, 2, 5)   (22, 3, 2)   (61, 3, 2)   (40, 3, 3)   (66, 3, 3)   (25, 3, 4)   (74, 3, 4)   (1, 3, 5)   (16, 3, 5)   (59, 3, 5)   (24, 4, 2)   (18, 4, 3)   (51, 4, 4)   (53, 4, 5) 
Coada 4:   (56, 1, 3)   (60, 1, 5)   (39, 2, 2)   (52, 2, 2)   (2, 2, 3)   (67, 2, 3)   (44, 2, 5)   (87, 2, 5)   (99, 2, 5)   (69, 3, 2)   (50, 3, 3)   (72, 3, 3)   (37, 3, 4)   (77, 3, 4)   (4, 3, 5)   (26, 3, 5)   (79, 3, 5)   (29, 4, 2)   (33, 4, 3)   (86, 4, 4) 




CRONOMETRU: 13
Clientii in asteptare: 

Coada 1:   (6, 1, 5)   (75, 1, 5)   (78, 2, 2)   (42, 2, 3)   (19, 2, 4)   (65, 2, 5)   (88, 2, 5)   (7, 3, 2)   (31, 3, 2)   (5, 3, 3)   (58, 3, 3)   (80, 3, 3)   (48, 3, 4)   (83, 3, 4)   (9, 3, 5)   (35, 3, 5)   (100, 3, 5)   (8, 4, 3)   (90, 4, 3)   (95, 4, 4) 
Coada 2:   (38, 1, 2)   (13, 1, 5)   (76, 1, 5)   (63, 2, 3)   (41, 2, 4)   (71, 2, 5)   (89, 2, 5)   (10, 3, 2)   (43, 3, 2)   (14, 3, 3)   (62, 3, 3)   (85, 3, 3)   (54, 3, 4)   (98, 3, 4)   (11, 3, 5)   (46, 3, 5)   (17, 4, 2)   (21, 4, 2)   (36, 4, 2)   (57, 4, 3)   (93, 4, 4) 
Coada 3:   (47, 1, 2)   (23, 1, 5)   (27, 2, 2)   (45, 2, 2)   (92, 2, 2)   (64, 2, 3)   (94, 2, 4)   (73, 2, 5)   (97, 2, 5)   (22, 3, 2)   (61, 3, 2)   (40, 3, 3)   (66, 3, 3)   (25, 3, 4)   (74, 3, 4)   (1, 3, 5)   (16, 3, 5)   (59, 3, 5)   (24, 4, 2)   (18, 4, 3)   (51, 4, 4)   (53, 4, 5) 
Coada 4:   (56, 1, 2)   (60, 1, 5)   (39, 2, 2)   (52, 2, 2)   (2, 2, 3)   (67, 2, 3)   (44, 2, 5)   (87, 2, 5)   (99, 2, 5)   (69, 3, 2)   (50, 3, 3)   (72, 3, 3)   (37, 3, 4)   (77, 3, 4)   (4, 3, 5)   (26, 3, 5)   (79, 3, 5)   (29, 4, 2)   (33, 4, 3)   (86, 4, 4) 




CRONOMETRU: 14
Clientii in asteptare: 

Coada 1:   (6, 1, 4)   (75, 1, 5)   (78, 2, 2)   (42, 2, 3)   (19, 2, 4)   (65, 2, 5)   (88, 2, 5)   (7, 3, 2)   (31, 3, 2)   (5, 3, 3)   (58, 3, 3)   (80, 3, 3)   (48, 3, 4)   (83, 3, 4)   (9, 3, 5)   (35, 3, 5)   (100, 3, 5)   (8, 4, 3)   (90, 4, 3)   (95, 4, 4) 
Coada 2:   (38, 1, 1)   (13, 1, 5)   (76, 1, 5)   (63, 2, 3)   (41, 2, 4)   (71, 2, 5)   (89, 2, 5)   (10, 3, 2)   (43, 3, 2)   (14, 3, 3)   (62, 3, 3)   (85, 3, 3)   (54, 3, 4)   (98, 3, 4)   (11, 3, 5)   (46, 3, 5)   (17, 4, 2)   (21, 4, 2)   (36, 4, 2)   (57, 4, 3)   (93, 4, 4) 
Coada 3:   (47, 1, 1)   (23, 1, 5)   (27, 2, 2)   (45, 2, 2)   (92, 2, 2)   (64, 2, 3)   (94, 2, 4)   (73, 2, 5)   (97, 2, 5)   (22, 3, 2)   (61, 3, 2)   (40, 3, 3)   (66, 3, 3)   (25, 3, 4)   (74, 3, 4)   (1, 3, 5)   (16, 3, 5)   (59, 3, 5)   (24, 4, 2)   (18, 4, 3)   (51, 4, 4)   (53, 4, 5) 
Coada 4:   (56, 1, 1)   (60, 1, 5)   (39, 2, 2)   (52, 2, 2)   (2, 2, 3)   (67, 2, 3)   (44, 2, 5)   (87, 2, 5)   (99, 2, 5)   (69, 3, 2)   (50, 3, 3)   (72, 3, 3)   (37, 3, 4)   (77, 3, 4)   (4, 3, 5)   (26, 3, 5)   (79, 3, 5)   (29, 4, 2)   (33, 4, 3)   (86, 4, 4) 




CRONOMETRU: 15
Clientii in asteptare: 

Coada 1:   (6, 1, 3)   (75, 1, 5)   (78, 2, 2)   (42, 2, 3)   (19, 2, 4)   (65, 2, 5)   (88, 2, 5)   (7, 3, 2)   (31, 3, 2)   (5, 3, 3)   (58, 3, 3)   (80, 3, 3)   (48, 3, 4)   (83, 3, 4)   (9, 3, 5)   (35, 3, 5)   (100, 3, 5)   (8, 4, 3)   (90, 4, 3)   (95, 4, 4) 
Coada 2:   (13, 1, 5)   (76, 1, 5)   (63, 2, 3)   (41, 2, 4)   (71, 2, 5)   (89, 2, 5)   (10, 3, 2)   (43, 3, 2)   (14, 3, 3)   (62, 3, 3)   (85, 3, 3)   (54, 3, 4)   (98, 3, 4)   (11, 3, 5)   (46, 3, 5)   (17, 4, 2)   (21, 4, 2)   (36, 4, 2)   (57, 4, 3)   (93, 4, 4) 
Coada 3:   (23, 1, 5)   (27, 2, 2)   (45, 2, 2)   (92, 2, 2)   (64, 2, 3)   (94, 2, 4)   (73, 2, 5)   (97, 2, 5)   (22, 3, 2)   (61, 3, 2)   (40, 3, 3)   (66, 3, 3)   (25, 3, 4)   (74, 3, 4)   (1, 3, 5)   (16, 3, 5)   (59, 3, 5)   (24, 4, 2)   (18, 4, 3)   (51, 4, 4)   (53, 4, 5) 
Coada 4:   (60, 1, 5)   (39, 2, 2)   (52, 2, 2)   (2, 2, 3)   (67, 2, 3)   (44, 2, 5)   (87, 2, 5)   (99, 2, 5)   (69, 3, 2)   (50, 3, 3)   (72, 3, 3)   (37, 3, 4)   (77, 3, 4)   (4, 3, 5)   (26, 3, 5)   (79, 3, 5)   (29, 4, 2)   (33, 4, 3)   (86, 4, 4) 




CRONOMETRU: 16
Clientii in asteptare: 

Coada 1:   (6, 1, 2)   (75, 1, 5)   (78, 2, 2)   (42, 2, 3)   (19, 2, 4)   (65, 2, 5)   (88, 2, 5)   (7, 3, 2)   (31, 3, 2)   (5, 3, 3)   (58, 3, 3)   (80, 3, 3)   (48, 3, 4)   (83, 3, 4)   (9, 3, 5)   (35, 3, 5)   (100, 3, 5)   (8, 4, 3)   (90, 4, 3)   (95, 4, 4) 
Coada 2:   (13, 1, 4)   (76, 1, 5)   (63, 2, 3)   (41, 2, 4)   (71, 2, 5)   (89, 2, 5)   (10, 3, 2)   (43, 3, 2)   (14, 3, 3)   (62, 3, 3)   (85, 3, 3)   (54, 3, 4)   (98, 3, 4)   (11, 3, 5)   (46, 3, 5)   (17, 4, 2)   (21, 4, 2)   (36, 4, 2)   (57, 4, 3)   (93, 4, 4) 
Coada 3:   (23, 1, 4)   (27, 2, 2)   (45, 2, 2)   (92, 2, 2)   (64, 2, 3)   (94, 2, 4)   (73, 2, 5)   (97, 2, 5)   (22, 3, 2)   (61, 3, 2)   (40, 3, 3)   (66, 3, 3)   (25, 3, 4)   (74, 3, 4)   (1, 3, 5)   (16, 3, 5)   (59, 3, 5)   (24, 4, 2)   (18, 4, 3)   (51, 4, 4)   (53, 4, 5) 
Coada 4:   (60, 1, 4)   (39, 2, 2)   (52, 2, 2)   (2, 2, 3)   (67, 2, 3)   (44, 2, 5)   (87, 2, 5)   (99, 2, 5)   (69, 3, 2)   (50, 3, 3)   (72, 3, 3)   (37, 3, 4)   (77, 3, 4)   (4, 3, 5)   (26, 3, 5)   (79, 3, 5)   (29, 4, 2)   (33, 4, 3)   (86, 4, 4) 




CRONOMETRU: 17
Clientii in asteptare: 

Coada 1:   (6, 1, 1)   (75, 1, 5)   (78, 2, 2)   (42, 2, 3)   (19, 2, 4)   (65, 2, 5)   (88, 2, 5)   (7, 3, 2)   (31, 3, 2)   (5, 3, 3)   (58, 3, 3)   (80, 3, 3)   (48, 3, 4)   (83, 3, 4)   (9, 3, 5)   (35, 3, 5)   (100, 3, 5)   (8, 4, 3)   (90, 4, 3)   (95, 4, 4) 
Coada 2:   (13, 1, 3)   (76, 1, 5)   (63, 2, 3)   (41, 2, 4)   (71, 2, 5)   (89, 2, 5)   (10, 3, 2)   (43, 3, 2)   (14, 3, 3)   (62, 3, 3)   (85, 3, 3)   (54, 3, 4)   (98, 3, 4)   (11, 3, 5)   (46, 3, 5)   (17, 4, 2)   (21, 4, 2)   (36, 4, 2)   (57, 4, 3)   (93, 4, 4) 
Coada 3:   (23, 1, 3)   (27, 2, 2)   (45, 2, 2)   (92, 2, 2)   (64, 2, 3)   (94, 2, 4)   (73, 2, 5)   (97, 2, 5)   (22, 3, 2)   (61, 3, 2)   (40, 3, 3)   (66, 3, 3)   (25, 3, 4)   (74, 3, 4)   (1, 3, 5)   (16, 3, 5)   (59, 3, 5)   (24, 4, 2)   (18, 4, 3)   (51, 4, 4)   (53, 4, 5) 
Coada 4:   (60, 1, 3)   (39, 2, 2)   (52, 2, 2)   (2, 2, 3)   (67, 2, 3)   (44, 2, 5)   (87, 2, 5)   (99, 2, 5)   (69, 3, 2)   (50, 3, 3)   (72, 3, 3)   (37, 3, 4)   (77, 3, 4)   (4, 3, 5)   (26, 3, 5)   (79, 3, 5)   (29, 4, 2)   (33, 4, 3)   (86, 4, 4) 




CRONOMETRU: 18
Clientii in asteptare: 

Coada 1:   (75, 1, 5)   (78, 2, 2)   (42, 2, 3)   (19, 2, 4)   (65, 2, 5)   (88, 2, 5)   (7, 3, 2)   (31, 3, 2)   (5, 3, 3)   (58, 3, 3)   (80, 3, 3)   (48, 3, 4)   (83, 3, 4)   (9, 3, 5)   (35, 3, 5)   (100, 3, 5)   (8, 4, 3)   (90, 4, 3)   (95, 4, 4) 
Coada 2:   (13, 1, 2)   (76, 1, 5)   (63, 2, 3)   (41, 2, 4)   (71, 2, 5)   (89, 2, 5)   (10, 3, 2)   (43, 3, 2)   (14, 3, 3)   (62, 3, 3)   (85, 3, 3)   (54, 3, 4)   (98, 3, 4)   (11, 3, 5)   (46, 3, 5)   (17, 4, 2)   (21, 4, 2)   (36, 4, 2)   (57, 4, 3)   (93, 4, 4) 
Coada 3:   (23, 1, 2)   (27, 2, 2)   (45, 2, 2)   (92, 2, 2)   (64, 2, 3)   (94, 2, 4)   (73, 2, 5)   (97, 2, 5)   (22, 3, 2)   (61, 3, 2)   (40, 3, 3)   (66, 3, 3)   (25, 3, 4)   (74, 3, 4)   (1, 3, 5)   (16, 3, 5)   (59, 3, 5)   (24, 4, 2)   (18, 4, 3)   (51, 4, 4)   (53, 4, 5) 
Coada 4:   (60, 1, 2)   (39, 2, 2)   (52, 2, 2)   (2, 2, 3)   (67, 2, 3)   (44, 2, 5)   (87, 2, 5)   (99, 2, 5)   (69, 3, 2)   (50, 3, 3)   (72, 3, 3)   (37, 3, 4)   (77, 3, 4)   (4, 3, 5)   (26, 3, 5)   (79, 3, 5)   (29, 4, 2)   (33, 4, 3)   (86, 4, 4) 




CRONOMETRU: 19
Clientii in asteptare: 

Coada 1:   (75, 1, 4)   (78, 2, 2)   (42, 2, 3)   (19, 2, 4)   (65, 2, 5)   (88, 2, 5)   (7, 3, 2)   (31, 3, 2)   (5, 3, 3)   (58, 3, 3)   (80, 3, 3)   (48, 3, 4)   (83, 3, 4)   (9, 3, 5)   (35, 3, 5)   (100, 3, 5)   (8, 4, 3)   (90, 4, 3)   (95, 4, 4) 
Coada 2:   (13, 1, 1)   (76, 1, 5)   (63, 2, 3)   (41, 2, 4)   (71, 2, 5)   (89, 2, 5)   (10, 3, 2)   (43, 3, 2)   (14, 3, 3)   (62, 3, 3)   (85, 3, 3)   (54, 3, 4)   (98, 3, 4)   (11, 3, 5)   (46, 3, 5)   (17, 4, 2)   (21, 4, 2)   (36, 4, 2)   (57, 4, 3)   (93, 4, 4) 
Coada 3:   (23, 1, 1)   (27, 2, 2)   (45, 2, 2)   (92, 2, 2)   (64, 2, 3)   (94, 2, 4)   (73, 2, 5)   (97, 2, 5)   (22, 3, 2)   (61, 3, 2)   (40, 3, 3)   (66, 3, 3)   (25, 3, 4)   (74, 3, 4)   (1, 3, 5)   (16, 3, 5)   (59, 3, 5)   (24, 4, 2)   (18, 4, 3)   (51, 4, 4)   (53, 4, 5) 
Coada 4:   (60, 1, 1)   (39, 2, 2)   (52, 2, 2)   (2, 2, 3)   (67, 2, 3)   (44, 2, 5)   (87, 2, 5)   (99, 2, 5)   (69, 3, 2)   (50, 3, 3)   (72, 3, 3)   (37, 3, 4)   (77, 3, 4)   (4, 3, 5)   (26, 3, 5)   (79, 3, 5)   (29, 4, 2)   (33, 4, 3)   (86, 4, 4) 




CRONOMETRU: 20
Clientii in asteptare: 

Coada 1:   (75, 1, 3)   (78, 2, 2)   (42, 2, 3)   (19, 2, 4)   (65, 2, 5)   (88, 2, 5)   (7, 3, 2)   (31, 3, 2)   (5, 3, 3)   (58, 3, 3)   (80, 3, 3)   (48, 3, 4)   (83, 3, 4)   (9, 3, 5)   (35, 3, 5)   (100, 3, 5)   (8, 4, 3)   (90, 4, 3)   (95, 4, 4) 
Coada 2:   (76, 1, 5)   (63, 2, 3)   (41, 2, 4)   (71, 2, 5)   (89, 2, 5)   (10, 3, 2)   (43, 3, 2)   (14, 3, 3)   (62, 3, 3)   (85, 3, 3)   (54, 3, 4)   (98, 3, 4)   (11, 3, 5)   (46, 3, 5)   (17, 4, 2)   (21, 4, 2)   (36, 4, 2)   (57, 4, 3)   (93, 4, 4) 
Coada 3:   (27, 2, 2)   (45, 2, 2)   (92, 2, 2)   (64, 2, 3)   (94, 2, 4)   (73, 2, 5)   (97, 2, 5)   (22, 3, 2)   (61, 3, 2)   (40, 3, 3)   (66, 3, 3)   (25, 3, 4)   (74, 3, 4)   (1, 3, 5)   (16, 3, 5)   (59, 3, 5)   (24, 4, 2)   (18, 4, 3)   (51, 4, 4)   (53, 4, 5) 
Coada 4:   (39, 2, 2)   (52, 2, 2)   (2, 2, 3)   (67, 2, 3)   (44, 2, 5)   (87, 2, 5)   (99, 2, 5)   (69, 3, 2)   (50, 3, 3)   (72, 3, 3)   (37, 3, 4)   (77, 3, 4)   (4, 3, 5)   (26, 3, 5)   (79, 3, 5)   (29, 4, 2)   (33, 4, 3)   (86, 4, 4) 




CRONOMETRU: 21
Clientii in asteptare: 

Coada 1:   (75, 1, 2)   (78, 2, 2)   (42, 2, 3)   (19, 2, 4)   (65, 2, 5)   (88, 2, 5)   (7, 3, 2)   (31, 3, 2)   (5, 3, 3)   (58, 3, 3)   (80, 3, 3)   (48, 3, 4)   (83, 3, 4)   (9, 3, 5)   (35, 3, 5)   (100, 3, 5)   (8, 4, 3)   (90, 4, 3)   (95, 4, 4) 
Coada 2:   (76, 1, 4)   (63, 2, 3)   (41, 2, 4)   (71, 2, 5)   (89, 2, 5)   (10, 3, 2)   (43, 3, 2)   (14, 3, 3)   (62, 3, 3)   (85, 3, 3)   (54, 3, 4)   (98, 3, 4)   (11, 3, 5)   (46, 3, 5)   (17, 4, 2)   (21, 4, 2)   (36, 4, 2)   (57, 4, 3)   (93, 4, 4) 
Coada 3:   (27, 2, 1)   (45, 2, 2)   (92, 2, 2)   (64, 2, 3)   (94, 2, 4)   (73, 2, 5)   (97, 2, 5)   (22, 3, 2)   (61, 3, 2)   (40, 3, 3)   (66, 3, 3)   (25, 3, 4)   (74, 3, 4)   (1, 3, 5)   (16, 3, 5)   (59, 3, 5)   (24, 4, 2)   (18, 4, 3)   (51, 4, 4)   (53, 4, 5) 
Coada 4:   (39, 2, 1)   (52, 2, 2)   (2, 2, 3)   (67, 2, 3)   (44, 2, 5)   (87, 2, 5)   (99, 2, 5)   (69, 3, 2)   (50, 3, 3)   (72, 3, 3)   (37, 3, 4)   (77, 3, 4)   (4, 3, 5)   (26, 3, 5)   (79, 3, 5)   (29, 4, 2)   (33, 4, 3)   (86, 4, 4) 




CRONOMETRU: 22
Clientii in asteptare: 

Coada 1:   (75, 1, 1)   (78, 2, 2)   (42, 2, 3)   (19, 2, 4)   (65, 2, 5)   (88, 2, 5)   (7, 3, 2)   (31, 3, 2)   (5, 3, 3)   (58, 3, 3)   (80, 3, 3)   (48, 3, 4)   (83, 3, 4)   (9, 3, 5)   (35, 3, 5)   (100, 3, 5)   (8, 4, 3)   (90, 4, 3)   (95, 4, 4) 
Coada 2:   (76, 1, 3)   (63, 2, 3)   (41, 2, 4)   (71, 2, 5)   (89, 2, 5)   (10, 3, 2)   (43, 3, 2)   (14, 3, 3)   (62, 3, 3)   (85, 3, 3)   (54, 3, 4)   (98, 3, 4)   (11, 3, 5)   (46, 3, 5)   (17, 4, 2)   (21, 4, 2)   (36, 4, 2)   (57, 4, 3)   (93, 4, 4) 
Coada 3:   (45, 2, 2)   (92, 2, 2)   (64, 2, 3)   (94, 2, 4)   (73, 2, 5)   (97, 2, 5)   (22, 3, 2)   (61, 3, 2)   (40, 3, 3)   (66, 3, 3)   (25, 3, 4)   (74, 3, 4)   (1, 3, 5)   (16, 3, 5)   (59, 3, 5)   (24, 4, 2)   (18, 4, 3)   (51, 4, 4)   (53, 4, 5) 
Coada 4:   (52, 2, 2)   (2, 2, 3)   (67, 2, 3)   (44, 2, 5)   (87, 2, 5)   (99, 2, 5)   (69, 3, 2)   (50, 3, 3)   (72, 3, 3)   (37, 3, 4)   (77, 3, 4)   (4, 3, 5)   (26, 3, 5)   (79, 3, 5)   (29, 4, 2)   (33, 4, 3)   (86, 4, 4) 




CRONOMETRU: 23
Clientii in asteptare: 

Coada 1:   (78, 2, 2)   (42, 2, 3)   (19, 2, 4)   (65, 2, 5)   (88, 2, 5)   (7, 3, 2)   (31, 3, 2)   (5, 3, 3)   (58, 3, 3)   (80, 3, 3)   (48, 3, 4)   (83, 3, 4)   (9, 3, 5)   (35, 3, 5)   (100, 3, 5)   (8, 4, 3)   (90, 4, 3)   (95, 4, 4) 
Coada 2:   (76, 1, 2)   (63, 2, 3)   (41, 2, 4)   (71, 2, 5)   (89, 2, 5)   (10, 3, 2)   (43, 3, 2)   (14, 3, 3)   (62, 3, 3)   (85, 3, 3)   (54, 3, 4)   (98, 3, 4)   (11, 3, 5)   (46, 3, 5)   (17, 4, 2)   (21, 4, 2)   (36, 4, 2)   (57, 4, 3)   (93, 4, 4) 
Coada 3:   (45, 2, 1)   (92, 2, 2)   (64, 2, 3)   (94, 2, 4)   (73, 2, 5)   (97, 2, 5)   (22, 3, 2)   (61, 3, 2)   (40, 3, 3)   (66, 3, 3)   (25, 3, 4)   (74, 3, 4)   (1, 3, 5)   (16, 3, 5)   (59, 3, 5)   (24, 4, 2)   (18, 4, 3)   (51, 4, 4)   (53, 4, 5) 
Coada 4:   (52, 2, 1)   (2, 2, 3)   (67, 2, 3)   (44, 2, 5)   (87, 2, 5)   (99, 2, 5)   (69, 3, 2)   (50, 3, 3)   (72, 3, 3)   (37, 3, 4)   (77, 3, 4)   (4, 3, 5)   (26, 3, 5)   (79, 3, 5)   (29, 4, 2)   (33, 4, 3)   (86, 4, 4) 




CRONOMETRU: 24
Clientii in asteptare: 

Coada 1:   (78, 2, 1)   (42, 2, 3)   (19, 2, 4)   (65, 2, 5)   (88, 2, 5)   (7, 3, 2)   (31, 3, 2)   (5, 3, 3)   (58, 3, 3)   (80, 3, 3)   (48, 3, 4)   (83, 3, 4)   (9, 3, 5)   (35, 3, 5)   (100, 3, 5)   (8, 4, 3)   (90, 4, 3)   (95, 4, 4) 
Coada 2:   (76, 1, 1)   (63, 2, 3)   (41, 2, 4)   (71, 2, 5)   (89, 2, 5)   (10, 3, 2)   (43, 3, 2)   (14, 3, 3)   (62, 3, 3)   (85, 3, 3)   (54, 3, 4)   (98, 3, 4)   (11, 3, 5)   (46, 3, 5)   (17, 4, 2)   (21, 4, 2)   (36, 4, 2)   (57, 4, 3)   (93, 4, 4) 
Coada 3:   (92, 2, 2)   (64, 2, 3)   (94, 2, 4)   (73, 2, 5)   (97, 2, 5)   (22, 3, 2)   (61, 3, 2)   (40, 3, 3)   (66, 3, 3)   (25, 3, 4)   (74, 3, 4)   (1, 3, 5)   (16, 3, 5)   (59, 3, 5)   (24, 4, 2)   (18, 4, 3)   (51, 4, 4)   (53, 4, 5) 
Coada 4:   (2, 2, 3)   (67, 2, 3)   (44, 2, 5)   (87, 2, 5)   (99, 2, 5)   (69, 3, 2)   (50, 3, 3)   (72, 3, 3)   (37, 3, 4)   (77, 3, 4)   (4, 3, 5)   (26, 3, 5)   (79, 3, 5)   (29, 4, 2)   (33, 4, 3)   (86, 4, 4) 




CRONOMETRU: 25
Clientii in asteptare: 

Coada 1:   (42, 2, 3)   (19, 2, 4)   (65, 2, 5)   (88, 2, 5)   (7, 3, 2)   (31, 3, 2)   (5, 3, 3)   (58, 3, 3)   (80, 3, 3)   (48, 3, 4)   (83, 3, 4)   (9, 3, 5)   (35, 3, 5)   (100, 3, 5)   (8, 4, 3)   (90, 4, 3)   (95, 4, 4) 
Coada 2:   (63, 2, 3)   (41, 2, 4)   (71, 2, 5)   (89, 2, 5)   (10, 3, 2)   (43, 3, 2)   (14, 3, 3)   (62, 3, 3)   (85, 3, 3)   (54, 3, 4)   (98, 3, 4)   (11, 3, 5)   (46, 3, 5)   (17, 4, 2)   (21, 4, 2)   (36, 4, 2)   (57, 4, 3)   (93, 4, 4) 
Coada 3:   (92, 2, 1)   (64, 2, 3)   (94, 2, 4)   (73, 2, 5)   (97, 2, 5)   (22, 3, 2)   (61, 3, 2)   (40, 3, 3)   (66, 3, 3)   (25, 3, 4)   (74, 3, 4)   (1, 3, 5)   (16, 3, 5)   (59, 3, 5)   (24, 4, 2)   (18, 4, 3)   (51, 4, 4)   (53, 4, 5) 
Coada 4:   (2, 2, 2)   (67, 2, 3)   (44, 2, 5)   (87, 2, 5)   (99, 2, 5)   (69, 3, 2)   (50, 3, 3)   (72, 3, 3)   (37, 3, 4)   (77, 3, 4)   (4, 3, 5)   (26, 3, 5)   (79, 3, 5)   (29, 4, 2)   (33, 4, 3)   (86, 4, 4) 




CRONOMETRU: 26
Clientii in asteptare: 

Coada 1:   (42, 2, 2)   (19, 2, 4)   (65, 2, 5)   (88, 2, 5)   (7, 3, 2)   (31, 3, 2)   (5, 3, 3)   (58, 3, 3)   (80, 3, 3)   (48, 3, 4)   (83, 3, 4)   (9, 3, 5)   (35, 3, 5)   (100, 3, 5)   (8, 4, 3)   (90, 4, 3)   (95, 4, 4) 
Coada 2:   (63, 2, 2)   (41, 2, 4)   (71, 2, 5)   (89, 2, 5)   (10, 3, 2)   (43, 3, 2)   (14, 3, 3)   (62, 3, 3)   (85, 3, 3)   (54, 3, 4)   (98, 3, 4)   (11, 3, 5)   (46, 3, 5)   (17, 4, 2)   (21, 4, 2)   (36, 4, 2)   (57, 4, 3)   (93, 4, 4) 
Coada 3:   (64, 2, 3)   (94, 2, 4)   (73, 2, 5)   (97, 2, 5)   (22, 3, 2)   (61, 3, 2)   (40, 3, 3)   (66, 3, 3)   (25, 3, 4)   (74, 3, 4)   (1, 3, 5)   (16, 3, 5)   (59, 3, 5)   (24, 4, 2)   (18, 4, 3)   (51, 4, 4)   (53, 4, 5) 
Coada 4:   (2, 2, 1)   (67, 2, 3)   (44, 2, 5)   (87, 2, 5)   (99, 2, 5)   (69, 3, 2)   (50, 3, 3)   (72, 3, 3)   (37, 3, 4)   (77, 3, 4)   (4, 3, 5)   (26, 3, 5)   (79, 3, 5)   (29, 4, 2)   (33, 4, 3)   (86, 4, 4) 




CRONOMETRU: 27
Clientii in asteptare: 

Coada 1:   (42, 2, 1)   (19, 2, 4)   (65, 2, 5)   (88, 2, 5)   (7, 3, 2)   (31, 3, 2)   (5, 3, 3)   (58, 3, 3)   (80, 3, 3)   (48, 3, 4)   (83, 3, 4)   (9, 3, 5)   (35, 3, 5)   (100, 3, 5)   (8, 4, 3)   (90, 4, 3)   (95, 4, 4) 
Coada 2:   (63, 2, 1)   (41, 2, 4)   (71, 2, 5)   (89, 2, 5)   (10, 3, 2)   (43, 3, 2)   (14, 3, 3)   (62, 3, 3)   (85, 3, 3)   (54, 3, 4)   (98, 3, 4)   (11, 3, 5)   (46, 3, 5)   (17, 4, 2)   (21, 4, 2)   (36, 4, 2)   (57, 4, 3)   (93, 4, 4) 
Coada 3:   (64, 2, 2)   (94, 2, 4)   (73, 2, 5)   (97, 2, 5)   (22, 3, 2)   (61, 3, 2)   (40, 3, 3)   (66, 3, 3)   (25, 3, 4)   (74, 3, 4)   (1, 3, 5)   (16, 3, 5)   (59, 3, 5)   (24, 4, 2)   (18, 4, 3)   (51, 4, 4)   (53, 4, 5) 
Coada 4:   (67, 2, 3)   (44, 2, 5)   (87, 2, 5)   (99, 2, 5)   (69, 3, 2)   (50, 3, 3)   (72, 3, 3)   (37, 3, 4)   (77, 3, 4)   (4, 3, 5)   (26, 3, 5)   (79, 3, 5)   (29, 4, 2)   (33, 4, 3)   (86, 4, 4) 




CRONOMETRU: 28
Clientii in asteptare: 

Coada 1:   (19, 2, 4)   (65, 2, 5)   (88, 2, 5)   (7, 3, 2)   (31, 3, 2)   (5, 3, 3)   (58, 3, 3)   (80, 3, 3)   (48, 3, 4)   (83, 3, 4)   (9, 3, 5)   (35, 3, 5)   (100, 3, 5)   (8, 4, 3)   (90, 4, 3)   (95, 4, 4) 
Coada 2:   (41, 2, 4)   (71, 2, 5)   (89, 2, 5)   (10, 3, 2)   (43, 3, 2)   (14, 3, 3)   (62, 3, 3)   (85, 3, 3)   (54, 3, 4)   (98, 3, 4)   (11, 3, 5)   (46, 3, 5)   (17, 4, 2)   (21, 4, 2)   (36, 4, 2)   (57, 4, 3)   (93, 4, 4) 
Coada 3:   (64, 2, 1)   (94, 2, 4)   (73, 2, 5)   (97, 2, 5)   (22, 3, 2)   (61, 3, 2)   (40, 3, 3)   (66, 3, 3)   (25, 3, 4)   (74, 3, 4)   (1, 3, 5)   (16, 3, 5)   (59, 3, 5)   (24, 4, 2)   (18, 4, 3)   (51, 4, 4)   (53, 4, 5) 
Coada 4:   (67, 2, 2)   (44, 2, 5)   (87, 2, 5)   (99, 2, 5)   (69, 3, 2)   (50, 3, 3)   (72, 3, 3)   (37, 3, 4)   (77, 3, 4)   (4, 3, 5)   (26, 3, 5)   (79, 3, 5)   (29, 4, 2)   (33, 4, 3)   (86, 4, 4) 




CRONOMETRU: 29
Clientii in asteptare: 

Coada 1:   (19, 2, 3)   (65, 2, 5)   (88, 2, 5)   (7, 3, 2)   (31, 3, 2)   (5, 3, 3)   (58, 3, 3)   (80, 3, 3)   (48, 3, 4)   (83, 3, 4)   (9, 3, 5)   (35, 3, 5)   (100, 3, 5)   (8, 4, 3)   (90, 4, 3)   (95, 4, 4) 
Coada 2:   (41, 2, 3)   (71, 2, 5)   (89, 2, 5)   (10, 3, 2)   (43, 3, 2)   (14, 3, 3)   (62, 3, 3)   (85, 3, 3)   (54, 3, 4)   (98, 3, 4)   (11, 3, 5)   (46, 3, 5)   (17, 4, 2)   (21, 4, 2)   (36, 4, 2)   (57, 4, 3)   (93, 4, 4) 
Coada 3:   (94, 2, 4)   (73, 2, 5)   (97, 2, 5)   (22, 3, 2)   (61, 3, 2)   (40, 3, 3)   (66, 3, 3)   (25, 3, 4)   (74, 3, 4)   (1, 3, 5)   (16, 3, 5)   (59, 3, 5)   (24, 4, 2)   (18, 4, 3)   (51, 4, 4)   (53, 4, 5) 
Coada 4:   (67, 2, 1)   (44, 2, 5)   (87, 2, 5)   (99, 2, 5)   (69, 3, 2)   (50, 3, 3)   (72, 3, 3)   (37, 3, 4)   (77, 3, 4)   (4, 3, 5)   (26, 3, 5)   (79, 3, 5)   (29, 4, 2)   (33, 4, 3)   (86, 4, 4) 




CRONOMETRU: 30
Clientii in asteptare: 

Coada 1:   (19, 2, 2)   (65, 2, 5)   (88, 2, 5)   (7, 3, 2)   (31, 3, 2)   (5, 3, 3)   (58, 3, 3)   (80, 3, 3)   (48, 3, 4)   (83, 3, 4)   (9, 3, 5)   (35, 3, 5)   (100, 3, 5)   (8, 4, 3)   (90, 4, 3)   (95, 4, 4) 
Coada 2:   (41, 2, 2)   (71, 2, 5)   (89, 2, 5)   (10, 3, 2)   (43, 3, 2)   (14, 3, 3)   (62, 3, 3)   (85, 3, 3)   (54, 3, 4)   (98, 3, 4)   (11, 3, 5)   (46, 3, 5)   (17, 4, 2)   (21, 4, 2)   (36, 4, 2)   (57, 4, 3)   (93, 4, 4) 
Coada 3:   (94, 2, 3)   (73, 2, 5)   (97, 2, 5)   (22, 3, 2)   (61, 3, 2)   (40, 3, 3)   (66, 3, 3)   (25, 3, 4)   (74, 3, 4)   (1, 3, 5)   (16, 3, 5)   (59, 3, 5)   (24, 4, 2)   (18, 4, 3)   (51, 4, 4)   (53, 4, 5) 
Coada 4:   (44, 2, 5)   (87, 2, 5)   (99, 2, 5)   (69, 3, 2)   (50, 3, 3)   (72, 3, 3)   (37, 3, 4)   (77, 3, 4)   (4, 3, 5)   (26, 3, 5)   (79, 3, 5)   (29, 4, 2)   (33, 4, 3)   (86, 4, 4) 


Ora de varf:4
Timp mediu asteptare: 3.49
timp mediu servire: 2.4
