

CRONOMETRU: 1
Clientii in asteptare: 
 (16, 2, 1)  (32, 2, 1)  (15, 2, 7)  (18, 3, 4)  (19, 3, 4)  (28, 4, 1)  (33, 4, 4)  (17, 4, 6)  (37, 5, 1)  (46, 5, 4)  (8, 5, 6)  (42, 6, 4)  (20, 6, 5)  (35, 7, 5)  (25, 8, 7)  (7, 10, 7)  (29, 11, 1)  (47, 11, 1)  (10, 11, 3)  (48, 12, 2)  (38, 12, 4)  (3, 12, 7)  (6, 14, 5)  (31, 15, 7)  (36, 15, 7)  (14, 17, 4)  (2, 18, 3)  (13, 18, 7)  (40, 19, 2)  (22, 19, 7)  (43, 22, 2)  (41, 23, 3)  (9, 23, 5)  (26, 23, 5)  (44, 25, 6)  (49, 26, 6)  (1, 30, 2)  (12, 31, 6)  (50, 32, 3)  (34, 33, 2)  (5, 33, 6)  (24, 35, 5)  (45, 37, 2)  (4, 37, 5)  (39, 38, 1)  (11, 38, 3)  (27, 38, 5)  (23, 39, 3)  (30, 40, 5)  (21, 40, 6) 
Coada 1:   Libera
Coada 2:   Libera
Coada 3:   Libera
Coada 4:   Libera
Coada 5:   Libera




CRONOMETRU: 2
Clientii in asteptare: 
 (18, 3, 4)  (19, 3, 4)  (28, 4, 1)  (33, 4, 4)  (17, 4, 6)  (37, 5, 1)  (46, 5, 4)  (8, 5, 6)  (42, 6, 4)  (20, 6, 5)  (35, 7, 5)  (25, 8, 7)  (7, 10, 7)  (29, 11, 1)  (47, 11, 1)  (10, 11, 3)  (48, 12, 2)  (38, 12, 4)  (3, 12, 7)  (6, 14, 5)  (31, 15, 7)  (36, 15, 7)  (14, 17, 4)  (2, 18, 3)  (13, 18, 7)  (40, 19, 2)  (22, 19, 7)  (43, 22, 2)  (41, 23, 3)  (9, 23, 5)  (26, 23, 5)  (44, 25, 6)  (49, 26, 6)  (1, 30, 2)  (12, 31, 6)  (50, 32, 3)  (34, 33, 2)  (5, 33, 6)  (24, 35, 5)  (45, 37, 2)  (4, 37, 5)  (39, 38, 1)  (11, 38, 3)  (27, 38, 5)  (23, 39, 3)  (30, 40, 5)  (21, 40, 6) 
Coada 1:   Libera
Coada 2:   Libera
Coada 3:   (15, 2, 6) 
Coada 4:   Libera
Coada 5:   Libera




CRONOMETRU: 3
Clientii in asteptare: 
 (28, 4, 1)  (33, 4, 4)  (17, 4, 6)  (37, 5, 1)  (46, 5, 4)  (8, 5, 6)  (42, 6, 4)  (20, 6, 5)  (35, 7, 5)  (25, 8, 7)  (7, 10, 7)  (29, 11, 1)  (47, 11, 1)  (10, 11, 3)  (48, 12, 2)  (38, 12, 4)  (3, 12, 7)  (6, 14, 5)  (31, 15, 7)  (36, 15, 7)  (14, 17, 4)  (2, 18, 3)  (13, 18, 7)  (40, 19, 2)  (22, 19, 7)  (43, 22, 2)  (41, 23, 3)  (9, 23, 5)  (26, 23, 5)  (44, 25, 6)  (49, 26, 6)  (1, 30, 2)  (12, 31, 6)  (50, 32, 3)  (34, 33, 2)  (5, 33, 6)  (24, 35, 5)  (45, 37, 2)  (4, 37, 5)  (39, 38, 1)  (11, 38, 3)  (27, 38, 5)  (23, 39, 3)  (30, 40, 5)  (21, 40, 6) 
Coada 1:   (18, 3, 3) 
Coada 2:   (19, 3, 3) 
Coada 3:   (15, 2, 5) 
Coada 4:   Libera
Coada 5:   Libera




CRONOMETRU: 4
Clientii in asteptare: 
 (37, 5, 1)  (46, 5, 4)  (8, 5, 6)  (42, 6, 4)  (20, 6, 5)  (35, 7, 5)  (25, 8, 7)  (7, 10, 7)  (29, 11, 1)  (47, 11, 1)  (10, 11, 3)  (48, 12, 2)  (38, 12, 4)  (3, 12, 7)  (6, 14, 5)  (31, 15, 7)  (36, 15, 7)  (14, 17, 4)  (2, 18, 3)  (13, 18, 7)  (40, 19, 2)  (22, 19, 7)  (43, 22, 2)  (41, 23, 3)  (9, 23, 5)  (26, 23, 5)  (44, 25, 6)  (49, 26, 6)  (1, 30, 2)  (12, 31, 6)  (50, 32, 3)  (34, 33, 2)  (5, 33, 6)  (24, 35, 5)  (45, 37, 2)  (4, 37, 5)  (39, 38, 1)  (11, 38, 3)  (27, 38, 5)  (23, 39, 3)  (30, 40, 5)  (21, 40, 6) 
Coada 1:   (18, 3, 2) 
Coada 2:   (19, 3, 2) 
Coada 3:   (15, 2, 4) 
Coada 4:   (17, 4, 6) 
Coada 5:   (33, 4, 3) 




CRONOMETRU: 5
Clientii in asteptare: 
 (42, 6, 4)  (20, 6, 5)  (35, 7, 5)  (25, 8, 7)  (7, 10, 7)  (29, 11, 1)  (47, 11, 1)  (10, 11, 3)  (48, 12, 2)  (38, 12, 4)  (3, 12, 7)  (6, 14, 5)  (31, 15, 7)  (36, 15, 7)  (14, 17, 4)  (2, 18, 3)  (13, 18, 7)  (40, 19, 2)  (22, 19, 7)  (43, 22, 2)  (41, 23, 3)  (9, 23, 5)  (26, 23, 5)  (44, 25, 6)  (49, 26, 6)  (1, 30, 2)  (12, 31, 6)  (50, 32, 3)  (34, 33, 2)  (5, 33, 6)  (24, 35, 5)  (45, 37, 2)  (4, 37, 5)  (39, 38, 1)  (11, 38, 3)  (27, 38, 5)  (23, 39, 3)  (30, 40, 5)  (21, 40, 6) 
Coada 1:   (18, 3, 1)   (37, 5, 1)   (8, 5, 6) 
Coada 2:   (19, 3, 1)   (46, 5, 4) 
Coada 3:   (15, 2, 3) 
Coada 4:   (17, 4, 5) 
Coada 5:   (33, 4, 2) 




CRONOMETRU: 6
Clientii in asteptare: 
 (35, 7, 5)  (25, 8, 7)  (7, 10, 7)  (29, 11, 1)  (47, 11, 1)  (10, 11, 3)  (48, 12, 2)  (38, 12, 4)  (3, 12, 7)  (6, 14, 5)  (31, 15, 7)  (36, 15, 7)  (14, 17, 4)  (2, 18, 3)  (13, 18, 7)  (40, 19, 2)  (22, 19, 7)  (43, 22, 2)  (41, 23, 3)  (9, 23, 5)  (26, 23, 5)  (44, 25, 6)  (49, 26, 6)  (1, 30, 2)  (12, 31, 6)  (50, 32, 3)  (34, 33, 2)  (5, 33, 6)  (24, 35, 5)  (45, 37, 2)  (4, 37, 5)  (39, 38, 1)  (11, 38, 3)  (27, 38, 5)  (23, 39, 3)  (30, 40, 5)  (21, 40, 6) 
Coada 1:   (37, 5, 1)   (8, 5, 6) 
Coada 2:   (46, 5, 4) 
Coada 3:   (15, 2, 2)   (20, 6, 5) 
Coada 4:   (17, 4, 4) 
Coada 5:   (33, 4, 1)   (42, 6, 4) 




CRONOMETRU: 7
Clientii in asteptare: 
 (25, 8, 7)  (7, 10, 7)  (29, 11, 1)  (47, 11, 1)  (10, 11, 3)  (48, 12, 2)  (38, 12, 4)  (3, 12, 7)  (6, 14, 5)  (31, 15, 7)  (36, 15, 7)  (14, 17, 4)  (2, 18, 3)  (13, 18, 7)  (40, 19, 2)  (22, 19, 7)  (43, 22, 2)  (41, 23, 3)  (9, 23, 5)  (26, 23, 5)  (44, 25, 6)  (49, 26, 6)  (1, 30, 2)  (12, 31, 6)  (50, 32, 3)  (34, 33, 2)  (5, 33, 6)  (24, 35, 5)  (45, 37, 2)  (4, 37, 5)  (39, 38, 1)  (11, 38, 3)  (27, 38, 5)  (23, 39, 3)  (30, 40, 5)  (21, 40, 6) 
Coada 1:   (8, 5, 6) 
Coada 2:   (46, 5, 3)   (35, 7, 5) 
Coada 3:   (15, 2, 1)   (20, 6, 5) 
Coada 4:   (17, 4, 3) 
Coada 5:   (42, 6, 4) 




CRONOMETRU: 8
Clientii in asteptare: 
 (7, 10, 7)  (29, 11, 1)  (47, 11, 1)  (10, 11, 3)  (48, 12, 2)  (38, 12, 4)  (3, 12, 7)  (6, 14, 5)  (31, 15, 7)  (36, 15, 7)  (14, 17, 4)  (2, 18, 3)  (13, 18, 7)  (40, 19, 2)  (22, 19, 7)  (43, 22, 2)  (41, 23, 3)  (9, 23, 5)  (26, 23, 5)  (44, 25, 6)  (49, 26, 6)  (1, 30, 2)  (12, 31, 6)  (50, 32, 3)  (34, 33, 2)  (5, 33, 6)  (24, 35, 5)  (45, 37, 2)  (4, 37, 5)  (39, 38, 1)  (11, 38, 3)  (27, 38, 5)  (23, 39, 3)  (30, 40, 5)  (21, 40, 6) 
Coada 1:   (8, 5, 5) 
Coada 2:   (46, 5, 2)   (35, 7, 5) 
Coada 3:   (20, 6, 5) 
Coada 4:   (17, 4, 2)   (25, 8, 7) 
Coada 5:   (42, 6, 3) 




CRONOMETRU: 9
Clientii in asteptare: 
 (7, 10, 7)  (29, 11, 1)  (47, 11, 1)  (10, 11, 3)  (48, 12, 2)  (38, 12, 4)  (3, 12, 7)  (6, 14, 5)  (31, 15, 7)  (36, 15, 7)  (14, 17, 4)  (2, 18, 3)  (13, 18, 7)  (40, 19, 2)  (22, 19, 7)  (43, 22, 2)  (41, 23, 3)  (9, 23, 5)  (26, 23, 5)  (44, 25, 6)  (49, 26, 6)  (1, 30, 2)  (12, 31, 6)  (50, 32, 3)  (34, 33, 2)  (5, 33, 6)  (24, 35, 5)  (45, 37, 2)  (4, 37, 5)  (39, 38, 1)  (11, 38, 3)  (27, 38, 5)  (23, 39, 3)  (30, 40, 5)  (21, 40, 6) 
Coada 1:   (8, 5, 4) 
Coada 2:   (46, 5, 1)   (35, 7, 5) 
Coada 3:   (20, 6, 4) 
Coada 4:   (17, 4, 1)   (25, 8, 7) 
Coada 5:   (42, 6, 2) 




CRONOMETRU: 10
Clientii in asteptare: 
 (29, 11, 1)  (47, 11, 1)  (10, 11, 3)  (48, 12, 2)  (38, 12, 4)  (3, 12, 7)  (6, 14, 5)  (31, 15, 7)  (36, 15, 7)  (14, 17, 4)  (2, 18, 3)  (13, 18, 7)  (40, 19, 2)  (22, 19, 7)  (43, 22, 2)  (41, 23, 3)  (9, 23, 5)  (26, 23, 5)  (44, 25, 6)  (49, 26, 6)  (1, 30, 2)  (12, 31, 6)  (50, 32, 3)  (34, 33, 2)  (5, 33, 6)  (24, 35, 5)  (45, 37, 2)  (4, 37, 5)  (39, 38, 1)  (11, 38, 3)  (27, 38, 5)  (23, 39, 3)  (30, 40, 5)  (21, 40, 6) 
Coada 1:   (8, 5, 3) 
Coada 2:   (35, 7, 5) 
Coada 3:   (20, 6, 3) 
Coada 4:   (25, 8, 7) 
Coada 5:   (42, 6, 1)   (7, 10, 7) 




CRONOMETRU: 11
Clientii in asteptare: 
 (48, 12, 2)  (38, 12, 4)  (3, 12, 7)  (6, 14, 5)  (31, 15, 7)  (36, 15, 7)  (14, 17, 4)  (2, 18, 3)  (13, 18, 7)  (40, 19, 2)  (22, 19, 7)  (43, 22, 2)  (41, 23, 3)  (9, 23, 5)  (26, 23, 5)  (44, 25, 6)  (49, 26, 6)  (1, 30, 2)  (12, 31, 6)  (50, 32, 3)  (34, 33, 2)  (5, 33, 6)  (24, 35, 5)  (45, 37, 2)  (4, 37, 5)  (39, 38, 1)  (11, 38, 3)  (27, 38, 5)  (23, 39, 3)  (30, 40, 5)  (21, 40, 6) 
Coada 1:   (8, 5, 2)   (29, 11, 1)   (10, 11, 3) 
Coada 2:   (35, 7, 4) 
Coada 3:   (20, 6, 2)   (47, 11, 1) 
Coada 4:   (25, 8, 6) 
Coada 5:   (7, 10, 7) 




CRONOMETRU: 12
Clientii in asteptare: 
 (6, 14, 5)  (31, 15, 7)  (36, 15, 7)  (14, 17, 4)  (2, 18, 3)  (13, 18, 7)  (40, 19, 2)  (22, 19, 7)  (43, 22, 2)  (41, 23, 3)  (9, 23, 5)  (26, 23, 5)  (44, 25, 6)  (49, 26, 6)  (1, 30, 2)  (12, 31, 6)  (50, 32, 3)  (34, 33, 2)  (5, 33, 6)  (24, 35, 5)  (45, 37, 2)  (4, 37, 5)  (39, 38, 1)  (11, 38, 3)  (27, 38, 5)  (23, 39, 3)  (30, 40, 5)  (21, 40, 6) 
Coada 1:   (8, 5, 1)   (29, 11, 1)   (10, 11, 3) 
Coada 2:   (35, 7, 3)   (38, 12, 4) 
Coada 3:   (20, 6, 1)   (47, 11, 1)   (48, 12, 2)   (3, 12, 7) 
Coada 4:   (25, 8, 5) 
Coada 5:   (7, 10, 6) 




CRONOMETRU: 13
Clientii in asteptare: 
 (6, 14, 5)  (31, 15, 7)  (36, 15, 7)  (14, 17, 4)  (2, 18, 3)  (13, 18, 7)  (40, 19, 2)  (22, 19, 7)  (43, 22, 2)  (41, 23, 3)  (9, 23, 5)  (26, 23, 5)  (44, 25, 6)  (49, 26, 6)  (1, 30, 2)  (12, 31, 6)  (50, 32, 3)  (34, 33, 2)  (5, 33, 6)  (24, 35, 5)  (45, 37, 2)  (4, 37, 5)  (39, 38, 1)  (11, 38, 3)  (27, 38, 5)  (23, 39, 3)  (30, 40, 5)  (21, 40, 6) 
Coada 1:   (29, 11, 1)   (10, 11, 3) 
Coada 2:   (35, 7, 2)   (38, 12, 4) 
Coada 3:   (47, 11, 1)   (48, 12, 2)   (3, 12, 7) 
Coada 4:   (25, 8, 4) 
Coada 5:   (7, 10, 5) 




CRONOMETRU: 14
Clientii in asteptare: 
 (31, 15, 7)  (36, 15, 7)  (14, 17, 4)  (2, 18, 3)  (13, 18, 7)  (40, 19, 2)  (22, 19, 7)  (43, 22, 2)  (41, 23, 3)  (9, 23, 5)  (26, 23, 5)  (44, 25, 6)  (49, 26, 6)  (1, 30, 2)  (12, 31, 6)  (50, 32, 3)  (34, 33, 2)  (5, 33, 6)  (24, 35, 5)  (45, 37, 2)  (4, 37, 5)  (39, 38, 1)  (11, 38, 3)  (27, 38, 5)  (23, 39, 3)  (30, 40, 5)  (21, 40, 6) 
Coada 1:   (10, 11, 3)   (6, 14, 5) 
Coada 2:   (35, 7, 1)   (38, 12, 4) 
Coada 3:   (48, 12, 2)   (3, 12, 7) 
Coada 4:   (25, 8, 3) 
Coada 5:   (7, 10, 4) 




CRONOMETRU: 15
Clientii in asteptare: 
 (14, 17, 4)  (2, 18, 3)  (13, 18, 7)  (40, 19, 2)  (22, 19, 7)  (43, 22, 2)  (41, 23, 3)  (9, 23, 5)  (26, 23, 5)  (44, 25, 6)  (49, 26, 6)  (1, 30, 2)  (12, 31, 6)  (50, 32, 3)  (34, 33, 2)  (5, 33, 6)  (24, 35, 5)  (45, 37, 2)  (4, 37, 5)  (39, 38, 1)  (11, 38, 3)  (27, 38, 5)  (23, 39, 3)  (30, 40, 5)  (21, 40, 6) 
Coada 1:   (10, 11, 2)   (6, 14, 5) 
Coada 2:   (38, 12, 4) 
Coada 3:   (48, 12, 1)   (3, 12, 7) 
Coada 4:   (25, 8, 2)   (31, 15, 7) 
Coada 5:   (7, 10, 3)   (36, 15, 7) 




CRONOMETRU: 16
Clientii in asteptare: 
 (14, 17, 4)  (2, 18, 3)  (13, 18, 7)  (40, 19, 2)  (22, 19, 7)  (43, 22, 2)  (41, 23, 3)  (9, 23, 5)  (26, 23, 5)  (44, 25, 6)  (49, 26, 6)  (1, 30, 2)  (12, 31, 6)  (50, 32, 3)  (34, 33, 2)  (5, 33, 6)  (24, 35, 5)  (45, 37, 2)  (4, 37, 5)  (39, 38, 1)  (11, 38, 3)  (27, 38, 5)  (23, 39, 3)  (30, 40, 5)  (21, 40, 6) 
Coada 1:   (10, 11, 1)   (6, 14, 5) 
Coada 2:   (38, 12, 3) 
Coada 3:   (3, 12, 7) 
Coada 4:   (25, 8, 1)   (31, 15, 7) 
Coada 5:   (7, 10, 2)   (36, 15, 7) 




CRONOMETRU: 17
Clientii in asteptare: 
 (2, 18, 3)  (13, 18, 7)  (40, 19, 2)  (22, 19, 7)  (43, 22, 2)  (41, 23, 3)  (9, 23, 5)  (26, 23, 5)  (44, 25, 6)  (49, 26, 6)  (1, 30, 2)  (12, 31, 6)  (50, 32, 3)  (34, 33, 2)  (5, 33, 6)  (24, 35, 5)  (45, 37, 2)  (4, 37, 5)  (39, 38, 1)  (11, 38, 3)  (27, 38, 5)  (23, 39, 3)  (30, 40, 5)  (21, 40, 6) 
Coada 1:   (6, 14, 5) 
Coada 2:   (38, 12, 2)   (14, 17, 4) 
Coada 3:   (3, 12, 6) 
Coada 4:   (31, 15, 7) 
Coada 5:   (7, 10, 1)   (36, 15, 7) 




CRONOMETRU: 18
Clientii in asteptare: 
 (40, 19, 2)  (22, 19, 7)  (43, 22, 2)  (41, 23, 3)  (9, 23, 5)  (26, 23, 5)  (44, 25, 6)  (49, 26, 6)  (1, 30, 2)  (12, 31, 6)  (50, 32, 3)  (34, 33, 2)  (5, 33, 6)  (24, 35, 5)  (45, 37, 2)  (4, 37, 5)  (39, 38, 1)  (11, 38, 3)  (27, 38, 5)  (23, 39, 3)  (30, 40, 5)  (21, 40, 6) 
Coada 1:   (6, 14, 4)   (2, 18, 3) 
Coada 2:   (38, 12, 1)   (14, 17, 4)   (13, 18, 7) 
Coada 3:   (3, 12, 5) 
Coada 4:   (31, 15, 6) 
Coada 5:   (36, 15, 7) 




CRONOMETRU: 19
Clientii in asteptare: 
 (43, 22, 2)  (41, 23, 3)  (9, 23, 5)  (26, 23, 5)  (44, 25, 6)  (49, 26, 6)  (1, 30, 2)  (12, 31, 6)  (50, 32, 3)  (34, 33, 2)  (5, 33, 6)  (24, 35, 5)  (45, 37, 2)  (4, 37, 5)  (39, 38, 1)  (11, 38, 3)  (27, 38, 5)  (23, 39, 3)  (30, 40, 5)  (21, 40, 6) 
Coada 1:   (6, 14, 3)   (2, 18, 3) 
Coada 2:   (14, 17, 4)   (13, 18, 7) 
Coada 3:   (3, 12, 4)   (40, 19, 2) 
Coada 4:   (31, 15, 5)   (22, 19, 7) 
Coada 5:   (36, 15, 6) 




CRONOMETRU: 20
Clientii in asteptare: 
 (43, 22, 2)  (41, 23, 3)  (9, 23, 5)  (26, 23, 5)  (44, 25, 6)  (49, 26, 6)  (1, 30, 2)  (12, 31, 6)  (50, 32, 3)  (34, 33, 2)  (5, 33, 6)  (24, 35, 5)  (45, 37, 2)  (4, 37, 5)  (39, 38, 1)  (11, 38, 3)  (27, 38, 5)  (23, 39, 3)  (30, 40, 5)  (21, 40, 6) 
Coada 1:   (6, 14, 2)   (2, 18, 3) 
Coada 2:   (14, 17, 3)   (13, 18, 7) 
Coada 3:   (3, 12, 3)   (40, 19, 2) 
Coada 4:   (31, 15, 4)   (22, 19, 7) 
Coada 5:   (36, 15, 5) 




CRONOMETRU: 21
Clientii in asteptare: 
 (43, 22, 2)  (41, 23, 3)  (9, 23, 5)  (26, 23, 5)  (44, 25, 6)  (49, 26, 6)  (1, 30, 2)  (12, 31, 6)  (50, 32, 3)  (34, 33, 2)  (5, 33, 6)  (24, 35, 5)  (45, 37, 2)  (4, 37, 5)  (39, 38, 1)  (11, 38, 3)  (27, 38, 5)  (23, 39, 3)  (30, 40, 5)  (21, 40, 6) 
Coada 1:   (6, 14, 1)   (2, 18, 3) 
Coada 2:   (14, 17, 2)   (13, 18, 7) 
Coada 3:   (3, 12, 2)   (40, 19, 2) 
Coada 4:   (31, 15, 3)   (22, 19, 7) 
Coada 5:   (36, 15, 4) 




CRONOMETRU: 22
Clientii in asteptare: 
 (41, 23, 3)  (9, 23, 5)  (26, 23, 5)  (44, 25, 6)  (49, 26, 6)  (1, 30, 2)  (12, 31, 6)  (50, 32, 3)  (34, 33, 2)  (5, 33, 6)  (24, 35, 5)  (45, 37, 2)  (4, 37, 5)  (39, 38, 1)  (11, 38, 3)  (27, 38, 5)  (23, 39, 3)  (30, 40, 5)  (21, 40, 6) 
Coada 1:   (2, 18, 3)   (43, 22, 2) 
Coada 2:   (14, 17, 1)   (13, 18, 7) 
Coada 3:   (3, 12, 1)   (40, 19, 2) 
Coada 4:   (31, 15, 2)   (22, 19, 7) 
Coada 5:   (36, 15, 3) 




CRONOMETRU: 23
Clientii in asteptare: 
 (44, 25, 6)  (49, 26, 6)  (1, 30, 2)  (12, 31, 6)  (50, 32, 3)  (34, 33, 2)  (5, 33, 6)  (24, 35, 5)  (45, 37, 2)  (4, 37, 5)  (39, 38, 1)  (11, 38, 3)  (27, 38, 5)  (23, 39, 3)  (30, 40, 5)  (21, 40, 6) 
Coada 1:   (2, 18, 2)   (43, 22, 2)   (26, 23, 5) 
Coada 2:   (13, 18, 7) 
Coada 3:   (40, 19, 2)   (41, 23, 3) 
Coada 4:   (31, 15, 1)   (22, 19, 7) 
Coada 5:   (36, 15, 2)   (9, 23, 5) 




CRONOMETRU: 24
Clientii in asteptare: 
 (44, 25, 6)  (49, 26, 6)  (1, 30, 2)  (12, 31, 6)  (50, 32, 3)  (34, 33, 2)  (5, 33, 6)  (24, 35, 5)  (45, 37, 2)  (4, 37, 5)  (39, 38, 1)  (11, 38, 3)  (27, 38, 5)  (23, 39, 3)  (30, 40, 5)  (21, 40, 6) 
Coada 1:   (2, 18, 1)   (43, 22, 2)   (26, 23, 5) 
Coada 2:   (13, 18, 6) 
Coada 3:   (40, 19, 1)   (41, 23, 3) 
Coada 4:   (22, 19, 7) 
Coada 5:   (36, 15, 1)   (9, 23, 5) 




CRONOMETRU: 25
Clientii in asteptare: 
 (49, 26, 6)  (1, 30, 2)  (12, 31, 6)  (50, 32, 3)  (34, 33, 2)  (5, 33, 6)  (24, 35, 5)  (45, 37, 2)  (4, 37, 5)  (39, 38, 1)  (11, 38, 3)  (27, 38, 5)  (23, 39, 3)  (30, 40, 5)  (21, 40, 6) 
Coada 1:   (43, 22, 2)   (26, 23, 5) 
Coada 2:   (13, 18, 5) 
Coada 3:   (41, 23, 3)   (44, 25, 6) 
Coada 4:   (22, 19, 6) 
Coada 5:   (9, 23, 5) 




CRONOMETRU: 26
Clientii in asteptare: 
 (1, 30, 2)  (12, 31, 6)  (50, 32, 3)  (34, 33, 2)  (5, 33, 6)  (24, 35, 5)  (45, 37, 2)  (4, 37, 5)  (39, 38, 1)  (11, 38, 3)  (27, 38, 5)  (23, 39, 3)  (30, 40, 5)  (21, 40, 6) 
Coada 1:   (43, 22, 1)   (26, 23, 5) 
Coada 2:   (13, 18, 4)   (49, 26, 6) 
Coada 3:   (41, 23, 2)   (44, 25, 6) 
Coada 4:   (22, 19, 5) 
Coada 5:   (9, 23, 4) 




CRONOMETRU: 27
Clientii in asteptare: 
 (1, 30, 2)  (12, 31, 6)  (50, 32, 3)  (34, 33, 2)  (5, 33, 6)  (24, 35, 5)  (45, 37, 2)  (4, 37, 5)  (39, 38, 1)  (11, 38, 3)  (27, 38, 5)  (23, 39, 3)  (30, 40, 5)  (21, 40, 6) 
Coada 1:   (26, 23, 5) 
Coada 2:   (13, 18, 3)   (49, 26, 6) 
Coada 3:   (41, 23, 1)   (44, 25, 6) 
Coada 4:   (22, 19, 4) 
Coada 5:   (9, 23, 3) 




CRONOMETRU: 28
Clientii in asteptare: 
 (1, 30, 2)  (12, 31, 6)  (50, 32, 3)  (34, 33, 2)  (5, 33, 6)  (24, 35, 5)  (45, 37, 2)  (4, 37, 5)  (39, 38, 1)  (11, 38, 3)  (27, 38, 5)  (23, 39, 3)  (30, 40, 5)  (21, 40, 6) 
Coada 1:   (26, 23, 4) 
Coada 2:   (13, 18, 2)   (49, 26, 6) 
Coada 3:   (44, 25, 6) 
Coada 4:   (22, 19, 3) 
Coada 5:   (9, 23, 2) 




CRONOMETRU: 29
Clientii in asteptare: 
 (1, 30, 2)  (12, 31, 6)  (50, 32, 3)  (34, 33, 2)  (5, 33, 6)  (24, 35, 5)  (45, 37, 2)  (4, 37, 5)  (39, 38, 1)  (11, 38, 3)  (27, 38, 5)  (23, 39, 3)  (30, 40, 5)  (21, 40, 6) 
Coada 1:   (26, 23, 3) 
Coada 2:   (13, 18, 1)   (49, 26, 6) 
Coada 3:   (44, 25, 5) 
Coada 4:   (22, 19, 2) 
Coada 5:   (9, 23, 1) 




CRONOMETRU: 30
Clientii in asteptare: 
 (12, 31, 6)  (50, 32, 3)  (34, 33, 2)  (5, 33, 6)  (24, 35, 5)  (45, 37, 2)  (4, 37, 5)  (39, 38, 1)  (11, 38, 3)  (27, 38, 5)  (23, 39, 3)  (30, 40, 5)  (21, 40, 6) 
Coada 1:   (26, 23, 2) 
Coada 2:   (49, 26, 6) 
Coada 3:   (44, 25, 4) 
Coada 4:   (22, 19, 1) 
Coada 5:   (1, 30, 2) 




CRONOMETRU: 31
Clientii in asteptare: 
 (50, 32, 3)  (34, 33, 2)  (5, 33, 6)  (24, 35, 5)  (45, 37, 2)  (4, 37, 5)  (39, 38, 1)  (11, 38, 3)  (27, 38, 5)  (23, 39, 3)  (30, 40, 5)  (21, 40, 6) 
Coada 1:   (26, 23, 1) 
Coada 2:   (49, 26, 5) 
Coada 3:   (44, 25, 3) 
Coada 4:   (12, 31, 6) 
Coada 5:   (1, 30, 1) 




CRONOMETRU: 32
Clientii in asteptare: 
 (34, 33, 2)  (5, 33, 6)  (24, 35, 5)  (45, 37, 2)  (4, 37, 5)  (39, 38, 1)  (11, 38, 3)  (27, 38, 5)  (23, 39, 3)  (30, 40, 5)  (21, 40, 6) 
Coada 1:   (50, 32, 3) 
Coada 2:   (49, 26, 4) 
Coada 3:   (44, 25, 2) 
Coada 4:   (12, 31, 5) 
Coada 5:   Libera




CRONOMETRU: 33
Clientii in asteptare: 
 (24, 35, 5)  (45, 37, 2)  (4, 37, 5)  (39, 38, 1)  (11, 38, 3)  (27, 38, 5)  (23, 39, 3)  (30, 40, 5)  (21, 40, 6) 
Coada 1:   (50, 32, 2) 
Coada 2:   (49, 26, 3) 
Coada 3:   (44, 25, 1)   (5, 33, 6) 
Coada 4:   (12, 31, 4) 
Coada 5:   (34, 33, 1) 




CRONOMETRU: 34
Clientii in asteptare: 
 (24, 35, 5)  (45, 37, 2)  (4, 37, 5)  (39, 38, 1)  (11, 38, 3)  (27, 38, 5)  (23, 39, 3)  (30, 40, 5)  (21, 40, 6) 
Coada 1:   (50, 32, 1) 
Coada 2:   (49, 26, 2) 
Coada 3:   (5, 33, 6) 
Coada 4:   (12, 31, 3) 
Coada 5:   Libera




CRONOMETRU: 35
Clientii in asteptare: 
 (45, 37, 2)  (4, 37, 5)  (39, 38, 1)  (11, 38, 3)  (27, 38, 5)  (23, 39, 3)  (30, 40, 5)  (21, 40, 6) 
Coada 1:   Libera
Coada 2:   (49, 26, 1) 
Coada 3:   (5, 33, 5) 
Coada 4:   (12, 31, 2) 
Coada 5:   (24, 35, 4) 




CRONOMETRU: 36
Clientii in asteptare: 
 (45, 37, 2)  (4, 37, 5)  (39, 38, 1)  (11, 38, 3)  (27, 38, 5)  (23, 39, 3)  (30, 40, 5)  (21, 40, 6) 
Coada 1:   Libera
Coada 2:   Libera
Coada 3:   (5, 33, 4) 
Coada 4:   (12, 31, 1) 
Coada 5:   (24, 35, 3) 




CRONOMETRU: 37
Clientii in asteptare: 
 (39, 38, 1)  (11, 38, 3)  (27, 38, 5)  (23, 39, 3)  (30, 40, 5)  (21, 40, 6) 
Coada 1:   (45, 37, 1) 
Coada 2:   (4, 37, 4) 
Coada 3:   (5, 33, 3) 
Coada 4:   Libera
Coada 5:   (24, 35, 2) 




CRONOMETRU: 38
Clientii in asteptare: 
 (23, 39, 3)  (30, 40, 5)  (21, 40, 6) 
Coada 1:   (11, 38, 3) 
Coada 2:   (4, 37, 3) 
Coada 3:   (5, 33, 2) 
Coada 4:   (27, 38, 5) 
Coada 5:   (24, 35, 1) 




CRONOMETRU: 39
Clientii in asteptare: 
 (30, 40, 5)  (21, 40, 6) 
Coada 1:   (11, 38, 2) 
Coada 2:   (4, 37, 2) 
Coada 3:   (5, 33, 1) 
Coada 4:   (27, 38, 4) 
Coada 5:   (23, 39, 3) 




CRONOMETRU: 40
Clientii in asteptare: 

Coada 1:   (11, 38, 1)   (21, 40, 6) 
Coada 2:   (4, 37, 1) 
Coada 3:   (30, 40, 5) 
Coada 4:   (27, 38, 3) 
Coada 5:   (23, 39, 2) 




CRONOMETRU: 41
Clientii in asteptare: 

Coada 1:   (21, 40, 6) 
Coada 2:   Libera
Coada 3:   (30, 40, 4) 
Coada 4:   (27, 38, 2) 
Coada 5:   (23, 39, 1) 




CRONOMETRU: 42
Clientii in asteptare: 

Coada 1:   (21, 40, 5) 
Coada 2:   Libera
Coada 3:   (30, 40, 3) 
Coada 4:   (27, 38, 1) 
Coada 5:   Libera




CRONOMETRU: 43
Clientii in asteptare: 

Coada 1:   (21, 40, 4) 
Coada 2:   Libera
Coada 3:   (30, 40, 2) 
Coada 4:   Libera
Coada 5:   Libera




CRONOMETRU: 44
Clientii in asteptare: 

Coada 1:   (21, 40, 3) 
Coada 2:   Libera
Coada 3:   (30, 40, 1) 
Coada 4:   Libera
Coada 5:   Libera




CRONOMETRU: 45
Clientii in asteptare: 

Coada 1:   (21, 40, 2) 
Coada 2:   Libera
Coada 3:   Libera
Coada 4:   Libera
Coada 5:   Libera




CRONOMETRU: 46
Clientii in asteptare: 

Coada 1:   (21, 40, 1) 
Coada 2:   Libera
Coada 3:   Libera
Coada 4:   Libera
Coada 5:   Libera




CRONOMETRU: 47
Clientii in asteptare: 

Coada 1:   Libera
Coada 2:   Libera
Coada 3:   Libera
Coada 4:   Libera
Coada 5:   Libera


Ora de varf:12
Timp mediu asteptare: 23.40
timp mediu servire: 4.16
